[[{"color":[0.517647,0.235294,0.047058,0.3],"env":"soft_static","indices":[[0.01,0.31,0.95,0.04,0.35,0.99], [0.005,0.125,0.95,0.035,0.145,0.99], [0.01,0.18,0.935,0.1,0.28,0.95],[-0.075,0.14,0.95,-0.03,0.24,0.96]],"mass":1.0,"poissonRatio":0.3,"scale":0.022,"surfaceMeshFilePath":"model/environment/stomach.stl","trans_env":[0.03,0.25,0.97,0,0.0,0.0,1],"volumeMeshFilePath":"model/environment/stomach.msh","youngModulus":100000}, {"env":"visu", "file_path": "model/environment/desk.stl", "trans_env": [0, -0.3, 0.775, -0.5, -0.5, 0.5, 0.5000000000000001],"scale": "0.001", "color":[0.2666, 0.44705, 0.768627, 1]}, {"env":"visu", "file_path": "model/environment/body.obj", "trans_env": [-0.005, -0.95, 0.96, 0.01919744239968967, 0.0, 0.0, 0.9998157121216442],"scale": "0.085", "color": [1.0, 0.0, 0.0, 0.2]}], [{"drive_yuan": "still_elc", "manipulator_type": "electromagnet", "tran_elc": [[-0.17, 0.3, 1.15, 1.0, 0.0, 0.0], [0.17, 0.3, 1.15, -1, 0.0, 0.0], [0, 0.13, 1.15, 0, 1, 0.0], [0, 0.47, 1.15, 0, -1, 0.0], [0.1512, 0.4512335, 1.2834, -0.62469505, -0.62469505, -0.46852129], [-0.1512, 0.4512335, 1.2834, 0.62469505, -0.62469505, -0.46852129], [-0.1512335, 0.1487665, 1.28342525, 0.62469505, 0.62469505, -0.46852129], [0.1512335, 0.1487665, 1.28342525, -0.62469505, 0.62469505, -0.46852129]], "radius":[0.05, 0.05, 0.05, 0.05, 0.05, 0.05, 0.05, 0.05], "turns":[100, 100, 100, 100, 100, 100, 100, 100]}], [{"object": "capsule", "pose": [0.015, 0.37, 0.97, 0.0, 0.0, 0.7071067811865475, 0.7071067811865475], "moment": 0.126, "capsule_mass": 0.0085612244897, "flotage": 0.0148, "inertiaMatrix": [6.12e-6, 0.0, 0.0, 0.0, 6.12e-6, 0.0, 0.0, 0.0, 6.12e-6]}], [{"pose_sensor": [-0.0376, 0.344, 0.926, 0.0, 0.0, 0.0, 1.0],"sensitivity":12e-8},  {"pose_sensor": [0.015, 0.37, 0.926, 0.0, 0.0, 0.0, 1.0],"sensitivity":12e-8}, {"pose_sensor": [-0.0376, 0.396, 0.926, 0.0, 0.0, 0.0, 1.0], "sensitivity":12e-8}, {"pose_sensor": [0.0676, 0.344, 0.926, 0.0, 0.0, 0.0, 1.0], "sensitivity":12e-8}, {"pose_sensor": [0.0676, 0.396, 0.926, 0.0, 0.0, 0.0, 1.0], "sensitivity":12e-8}], [], [{"background_color":[0.85098,0.85098,0.85098], "step": 0.02, "gravity":[0.0, 0.0, -9.8], "contactDistance": 0.001, "friction_coefficient":0.1, "cam":1, "tra":1,"force_scale":[0.0,0.0]}], [{"path_type": "yushe", "type": "custom"}], [{"algorithm_type": "EKF", "EKF_Q": [[1, 0, 0, 0, 0, 0], [0, 1, 0, 0, 0, 0], [0, 0, 1, 0, 0, 0], [0, 0, 0, 1, 0, 0], [0, 0, 0, 0, 1, 0], [0, 0, 0, 0, 0, 1]], "EKF_R": [[1, 0, 0, 0, 0, 0, 0, 0, 0, 0, 0, 0, 0, 0, 0],
                                [0, 1, 0, 0, 0, 0, 0, 0, 0, 0, 0, 0, 0, 0, 0],
                                [0, 0, 1, 0, 0, 0, 0, 0, 0, 0, 0, 0, 0, 0, 0],
                                [0, 0, 0, 1, 0, 0, 0, 0, 0, 0, 0, 0, 0, 0, 0],
                                [0, 0, 0, 0, 1, 0, 0, 0, 0, 0, 0, 0, 0, 0, 0],
                                [0, 0, 0, 0, 0, 1, 0, 0, 0, 0, 0, 0, 0, 0, 0],
                                [0, 0, 0, 0, 0, 0, 1, 0, 0, 0, 0, 0, 0, 0, 0],
                                [0, 0, 0, 0, 0, 0, 0, 1, 0, 0, 0, 0, 0, 0, 0],
                                [0, 0, 0, 0, 0, 0, 0, 0, 1, 0, 0, 0, 0, 0, 0],
		[0, 0, 0, 0, 0, 0, 0, 0, 0, 1, 0, 0, 0, 0, 0],
                                [0, 0, 0, 0, 0, 0, 0, 0, 0, 0, 1, 0, 0, 0, 0],
                                [0, 0, 0, 0, 0, 0, 0, 0, 0, 0, 0, 1, 0, 0, 0],
                                [0, 0, 0, 0, 0, 0, 0, 0, 0, 0, 0, 0, 1, 0, 0],
                                [0, 0, 0, 0, 0, 0, 0, 0, 0, 0, 0, 0, 0, 1, 0],
                                [0, 0, 0, 0, 0, 0, 0, 0, 0, 0, 0, 0, 0, 0, 1]]
}], [{"control_type":"PID", "kp":40, "ki":0, "kd":40, "kp2":4000, "ki2":0, "kd2":4000}]]