[[{"env":"visu", "file_path": "model/environment/desk_exp.stl", "trans_env": [-0.005, 0, 0.8, 0.5, 0.5, 0.5, 0.5000000000000001],"scale": "0.001", "color": [0.7490196078431373, 0.5647058823529412, 0.0, 1.0]}, {"env":"visu", "file_path": "model/environment/sensor_holder.stl", "trans_env": [-0.2, 0, 0.925, 0.5, 0.5, 0.5, 0.5000000000000001],"scale": "0.0015", "color": [0.650980, 0.650980, 0.650980, 1.0]}, {"env":"visu", "file_path": "model/environment/desk_exp.stl", "trans_env": [-0.005, 0, 0.8, 0.5, 0.5, 0.5, 0.5000000000000001],"scale": "0.001", "color": [0.7490196078431373, 0.5647058823529412, 0.0, 1.0]}], [],[{"object": "Manipulator_estimate","manipulator_base_pose": [-0.8, 0, 0.76, 0, 0, 0, 1],"pose": [-0.2, 0, 1.1, 0, 0.70710678, 0, 0.70710678], "moment": 3.4,"visual":"elc"}],  [{"pose_sensor": [-0.2526, -0.026, 0.926, 0.0, 0.0, 0.0, 1.0],"sensitivity":12e-7},  {"pose_sensor": [-0.2, -0.0, 0.926, 0.0, 0.0, 0.0, 1.0],"sensitivity":12e-7}, {"pose_sensor": [-0.2526, 0.026, 0.926, 0.0, 0.0, 0.0, 1.0], "sensitivity":12e-7}, {"pose_sensor": [-0.1474, -0.026, 0.926, 0.0, 0.0, 0.0, 1.0], "sensitivity":12e-7}, {"pose_sensor": [-0.1474, 0.026, 0.926, 0.0, 0.0, 0.0, 1.0], "sensitivity":12e-7}], [], [{"background_color":[0,0,0,0.1], "step": 0.03, "gravity":[0.0, 0.0, -9.8], "contactDistance": 0.003, "friction_coefficient":0.04}], [{"path_type": "yushe", "type": "geshan"}], [{"algorithm_type": "EKF", "EKF_Q": [[1, 0, 0, 0, 0, 0], [0, 1, 0, 0, 0, 0], [0, 0, 1, 0, 0, 0], [0, 0, 0, 1, 0, 0], [0, 0, 0, 0, 1, 0], [0, 0, 0, 0, 0, 1]], "EKF_R": [[1, 0, 0, 0, 0, 0, 0, 0, 0, 0, 0, 0, 0, 0, 0],
                                [0, 1, 0, 0, 0, 0, 0, 0, 0, 0, 0, 0, 0, 0, 0],
                                [0, 0, 1, 0, 0, 0, 0, 0, 0, 0, 0, 0, 0, 0, 0],
                                [0, 0, 0, 1, 0, 0, 0, 0, 0, 0, 0, 0, 0, 0, 0],
                                [0, 0, 0, 0, 1, 0, 0, 0, 0, 0, 0, 0, 0, 0, 0],
                                [0, 0, 0, 0, 0, 1, 0, 0, 0, 0, 0, 0, 0, 0, 0],
                                [0, 0, 0, 0, 0, 0, 1, 0, 0, 0, 0, 0, 0, 0, 0],
                                [0, 0, 0, 0, 0, 0, 0, 1, 0, 0, 0, 0, 0, 0, 0],
                                [0, 0, 0, 0, 0, 0, 0, 0, 1, 0, 0, 0, 0, 0, 0],
		[0, 0, 0, 0, 0, 0, 0, 0, 0, 1, 0, 0, 0, 0, 0],
                                [0, 0, 0, 0, 0, 0, 0, 0, 0, 0, 1, 0, 0, 0, 0],
                                [0, 0, 0, 0, 0, 0, 0, 0, 0, 0, 0, 1, 0, 0, 0],
                                [0, 0, 0, 0, 0, 0, 0, 0, 0, 0, 0, 0, 1, 0, 0],
                                [0, 0, 0, 0, 0, 0, 0, 0, 0, 0, 0, 0, 0, 1, 0],
                                [0, 0, 0, 0, 0, 0, 0, 0, 0, 0, 0, 0, 0, 0, 1]]
}], [{"control_type":"none"}]]